s 36
0 0 0 0
n 39
0 0 0 1
r 39
0 0 1 0
d 19
0 0 1 1 0
A 5
0 0 1 1 1 0 0
O 5
0 0 1 1 1 0 1
F 2
0 0 1 1 1 1 0 0
z 1
0 0 1 1 1 1 0 1 0
k 2
0 0 1 1 1 1 0 1 1
M 5
0 0 1 1 1 1 1
a 41
0 1 0 0
c 21
0 1 0 1 0
y 10
0 1 0 1 1 0
E 11
0 1 0 1 1 1
i 43
0 1 1 0
o 47
0 1 1 1
b 3
1 0 0 0 0 0 0 0
. 3
1 0 0 0 0 0 0 1
T 6
1 0 0 0 0 0 1
H 6
1 0 0 0 0 1 0
v 6
1 0 0 0 0 1 1
 12
1 0 0 0 1 0

 12
1 0 0 0 1 1 
m 12
1 0 0 1 0 0
w 13
1 0 0 1 0 1
p 13
1 0 0 1 1 0
g 14
1 0 0 1 1 1
t 58
1 0 1 0
l 14
1 0 1 1 0 0
, 14
1 0 1 1 0 1
R 7
1 0 1 1 1 0 0
L 2
1 0 1 1 1 0 1 0 0
J 1
1 0 1 1 1 0 1 0 1 0
6 1
1 0 1 1 1 0 1 0 1 1
1 2
1 0 1 1 1 0 1 1 0
D 2
1 0 1 1 1 0 1 1 1
N 4
1 0 1 1 1 1 0 0
' 1
1 0 1 1 1 1 0 1 0 0
2 1
1 0 1 1 1 1 0 1 0 1
I 1
1 0 1 1 1 1 0 1 1 0
j 1
1 0 1 1 1 1 0 1 1 1
C 1
1 0 1 1 1 1 1 0 0 0
P 1
1 0 1 1 1 1 1 0 0 1
5 1
1 0 1 1 1 1 1 0 1 0
G 1
1 0 1 1 1 1 1 0 1 1
S 4
1 0 1 1 1 1 1 1
  129
1 1 0
h 34
1 1 1 0 0
f 17
1 1 1 0 1 0
u 17
1 1 1 0 1 1
e 70
1 1 1 1